0 0.123193 0.521005 0.0763002 0.0960597
0 0.626122 0.511647 0.0813098 0.124311
0 0.626886 0.66165 0.0675621 0.120808
0 0.336394 0.712052 0.0800351 0.0950237
0 0.112625 0.427927 0.0907844 0.0815262
0 0.111754 0.304888 0.0682778 0.114695
0 0.258607 0.970803 0.0935721 0.0583739
0 0.414056 0.127952 0.185735 0.182425
0 0.621333 0.375219 0.0820008 0.0998424
0 0.251702 0.906275 0.101911 0.0761928
0 0.231998 0.743879 0.104042 0.13258
0 0.166768 0.2102 0.0903238 0.0920734
0 0.251564 0.927218 0.0932245 0.089165
