0 0.366702 0.487018 0.101043 0.130901
0 0.819873 0.711371 0.118945 0.13295
0 0.894938 0.248654 0.0997322 0.129125
0 0.468441 0.781287 0.0860517 0.12144
0 0.734977 0.596568 0.0976829 0.142411
0 0.269808 0.395449 0.0886239 0.109304
0 0.422165 0.345798 0.108789 0.109106
0 0.213966 0.597786 0.0685379 0.113818
0 0.617841 0.773577 0.0874157 0.0919684
0 0.220345 0.472206 0.0870989 0.0763037
0 0.569801 0.886566 0.0794434 0.0998554
0 0.357583 0.809738 0.110007 0.0963922
0 0.873141 0.372787 0.0864287 0.0986665
0 0.535307 0.344088 0.083936 0.103253
0 0.711067 0.816271 0.0977423 0.130904
0 0.574382 0.438914 0.0873959 0.0945125
0 0.572415 0.580366 0.0934839 0.0803699
0 0.757759 0.942373 0.138198 0.115255
0 0.283183 0.655689 0.0697365 0.0818499
0 0.619971 0.754952 0.0867362 0.130758
0 0.917045 0.655176 0.100987 0.0982578
0 0.622747 0.703885 0.0833847 0.0617121
0 0.368691 0.684084 0.0739848 0.101768
0 0.813243 0.292793 0.0538726 0.112813
0 0.306276 0.728286 0.0695848 0.0729389
0 0.960426 0.961589 0.0630069 0.0761328
0 0.480943 0.889061 0.0974911 0.0890442
0 0.635986 0.96808 0.0939877 0.063425
0 0.803343 0.831982 0.0733142 0.0896176
0 0.879242 0.57018 0.130422 0.119408
0 0.216486 0.916367 0.0661812 0.118357
0 0.6442 0.885409 0.0576897 0.086468
0 0.257592 0.433963 0.0981699 0.106747
0 0.332322 0.585011 0.0641208 0.0824792
