0 0.849295 0.231879 0.0773688 0.100343
0 0.431306 0.898545 0.0862716 0.124551
0 0.608801 0.171922 0.109912 0.163385
0 0.956809 0.674192 0.0703125 0.115701
0 0.549911 0.0421852 0.0684357 0.0843704
0 0.71817 0.114265 0.0682388 0.113269
0 0.905528 0.830768 0.0902869 0.117023
0 0.637479 0.905664 0.120342 0.115216
0 0.647727 0.983762 0.119794 0.0324755
0 0.774064 0.927678 0.124125 0.128223
0 0.423256 0.470001 0.0811431 0.107595
0 0.711483 0.0246158 0.0701789 0.0485278
0 0.953633 0.139354 0.0834099 0.130234
0 0.485586 0.13776 0.071281 0.0934125
0 0.339018 0.480071 0.0719252 0.103113
0 0.628195 0.0287079 0.0785448 0.056992
